# Elapsed time   CPU (%)     Real (MB)   Virtual (MB)
       0.024        0.000       20.254      453.387
       0.038       71.000       37.375     2004.871
       0.052      144.700       47.676     2004.871
       0.066       93.100       50.219     2004.871
       0.077        0.000       56.641     2004.871
       0.083      176.900       56.641     2004.871
       0.088      178.300       56.641     2004.871
       0.094        0.000       56.641     2004.871
       0.099      176.000       59.418     2004.871
       0.105        0.000       59.418     2004.871
       0.111      177.300       59.418     2004.871
       0.116        0.000       60.316     2004.871
       0.122      178.100       60.316     2004.871
       0.128      178.300       74.703     2006.680
       0.133        0.000       78.332     2007.918
       0.139      177.000       79.766     2008.875
       0.145        0.000       82.430     2009.648
       0.150      175.500       84.203     2010.680
       0.156        0.000       85.227     2011.918
       0.162      176.800       86.688     2013.078
       0.167      178.500       88.062     2013.980
       0.173        0.000       88.828     2015.031
       0.178      178.900       90.027     2015.805
       0.184        0.000       90.535     2016.320
       0.190      176.900       91.105     2016.988
       0.195        0.000       92.137     2017.883
       0.201      176.200       92.395     2018.270
       0.207        0.000       93.227     2018.785
       0.213      178.900       93.855     2019.301
       0.218        0.000       93.855     2019.301
       0.224        0.000       93.855     2019.301
       0.229        0.000       93.855     2019.301
       0.235        0.000       97.625     2019.945
       0.241      178.800      101.004     2020.719
       0.246        0.000      105.219     2021.492
       0.252      179.000      107.293     2022.395
       0.258      176.500      108.785     2023.426
       0.263        0.000      110.215     2024.594
       0.269        0.000      111.723     2025.754
       0.274      174.100      113.465     2026.922
       0.280      178.700      116.230     2027.750
       0.286        0.000      119.809     2028.441
       0.291      179.200      123.418     2029.602
       0.297        0.000      128.859     2031.664
       0.303      177.300      144.512     2033.984
       0.308      175.400      147.719     2034.266
       0.314        0.000      148.395     2034.660
       0.320        0.000      149.418     2034.660
       0.326      175.100      150.137     2035.297
       0.331        0.000      151.707     2035.805
       0.337      178.600      153.367     2043.691
       0.343      174.500      155.387     2047.586
       0.348        0.000      156.109     2048.656
       0.354        0.000      156.734     2049.223
       0.360      179.400      156.984     2049.223
       0.365      175.600      157.375     2049.629
       0.371        0.000      157.617     2049.879
       0.377        0.000      158.488     2050.508
       0.382      176.700      158.488     2050.645
       0.388      179.700      159.340     2051.359
       0.393        0.000      159.484     2051.609
       0.399      177.300      159.965     2052.020
       0.405        0.000      160.219     2052.715
       0.410      176.300      161.078     2053.184
       0.416      178.400      162.352     2054.906
       0.422      176.400      165.344     2059.555
       0.427        0.000      166.766     2060.477
       0.433      176.100      169.441     2123.746
       0.438        0.000      170.055     2124.246
       0.444      167.200      171.242     2125.582
       0.450      176.000      172.305     2126.215
       0.456        0.000      173.141     2127.293
       0.461        0.000      173.953     2127.816
       0.467      180.200      174.273     2128.195
       0.473        0.000      174.750     2128.445
       0.478      178.100      175.254     2129.215
       0.484        0.000      175.992     2129.898
       0.489      179.900      176.508     2130.410
       0.495      177.200      177.020     2130.949
       0.501        0.000      177.531     2131.449
       0.506      179.600      178.043     2131.832
       0.512        0.000      178.301     2132.230
       0.517      177.200      178.852     2132.633
       0.523      178.400      179.312     2133.055
       0.528        0.000      180.078     2134.137
       0.534      179.000      180.770     2134.539
       0.540        0.000      182.309     2136.605
       0.545      180.600      182.727     2136.855
       0.551      178.100      183.242     2137.234
       0.556        0.000      183.543     2137.613
       0.562      178.600      184.055     2138.008
       0.568        0.000      184.688     2138.645
       0.573      169.000      185.203     2139.055
       0.579        0.000      185.461     2139.445
       0.585      180.000      185.953     2143.227
       0.590      177.800      187.336     2143.762
       0.596        0.000      187.715     2144.012
       0.601        0.000      188.055     2144.012
       0.607      163.200      188.055     2144.012
       0.613      168.800      188.570     2144.715
       0.619        0.000      188.824     2145.215
       0.625        0.000      189.773     2145.656
       0.630      179.500      190.594     2150.531
       0.636      181.000      191.613     2150.922
       0.642        0.000      192.570     2151.938
       0.647      191.300      192.570     2151.938
       0.652        0.000      193.148     2152.418
       0.657      222.400      194.359     2187.078
       0.661        0.000      197.457     2187.207
       0.666        0.000      198.410     2187.969
       0.671      218.100      199.363     2189.109
       0.675      221.900      199.875     2189.914
       0.680        0.000      201.250     2190.914
       0.684        0.000      201.520     2191.301
       0.689      217.500      201.520     2191.301
       0.693        0.000      202.031     2191.809
       0.698      207.300      203.238     2197.258
       0.703        0.000      203.648     2197.508
       0.707      218.300      204.238     2200.219
       0.712        0.000      204.574     2200.469
       0.716        0.000      205.344     2201.219
       0.721      223.100      205.859     2201.719
       0.725        0.000      205.859     2201.719
       0.730        0.000      205.859     2201.719
       0.734      216.600      205.859     2201.719
       0.739      217.500      206.523     2202.504
       0.744        0.000      207.297     2203.133
       0.748        0.000      207.555     2203.383
       0.753      222.000      207.934     2205.090
       0.757        0.000      207.934     2205.090
       0.762      221.700      208.523     2205.469
       0.766        0.000      209.039     2205.719
       0.771      220.200      209.504     2206.352
       0.775      220.700      209.609     2208.699
       0.780        0.000      209.941     2208.949
       0.784      209.000      210.711     2209.594
       0.789        0.000      210.969     2209.844
       0.794        0.000      211.484     2210.477
       0.798      219.100      211.742     2210.855
       0.803      221.200      212.641     2211.621
       0.807        0.000      212.641     2211.621
       0.812        0.000      212.926     2212.004
       0.816      216.600      213.180     2212.133
       0.821        0.000      213.180     2212.133
       0.826      220.400      213.180     2212.270
       0.830        0.000      213.695     2212.520
       0.835      222.500      213.953     2212.770
       0.839        0.000      213.953     2212.770
       0.844      222.200      214.090     2215.238
       0.848        0.000      214.516     2215.625
       0.853        0.000      214.777     2218.555
       0.857      218.300      217.230     2218.977
       0.862        0.000      217.746     2219.355
       0.867      214.100      218.254     2220.008
       0.871        0.000      218.762     2220.391
       0.876        0.000      219.273     2221.156
       0.880      219.000      219.531     2221.406
       0.885        0.000      219.531     2221.406
       0.890      205.100      219.531     2221.406
       0.895        0.000      219.531     2221.406
       0.900      203.900      219.531     2221.406
       0.905        0.000      219.531     2221.406
       0.909      216.300      220.043     2221.656
       0.914        0.000      220.043     2221.840
       0.918      220.800      220.043     2221.969
       0.923        0.000      220.301     2221.969
       0.927      221.300      220.301     2221.969
       0.932        0.000      220.559     2222.219
       0.936        0.000      220.707     2222.469
       0.941      220.200      220.957     2222.598
       0.946        0.000      221.426     2223.125
       0.951      218.900      221.680     2223.398
       0.955        0.000      222.344     2223.891
       0.960      221.300      223.684     2225.391
       0.964        0.000      224.188     2225.770
       0.969      221.400      224.297     2226.020
       0.973      212.900      224.637     2226.422
       0.978        0.000      224.699     2226.426
       0.983        0.000      226.172     2233.891
       0.987      207.500      233.855     2253.387
       0.992        0.000      237.414     2254.164
       0.997        0.000      238.906     2255.566
       1.002      417.800      240.316     2256.430
       1.007        0.000      240.934     2257.055
       1.011      415.100      241.824     2258.273
       1.016        0.000      242.664     2258.969
       1.021      402.600      243.566     2259.898
       1.026        0.000      244.840     2260.930
       1.031      407.300      246.145     2261.996
       1.036        0.000      247.047     2262.828
       1.040      208.200      247.504     2263.297
       1.045        0.000      247.918     2263.699
       1.050        0.000      247.918     2263.699
       1.055      206.000      248.582     2264.535
       1.060      208.700      249.094     2264.914
       1.064      210.900      249.668     2265.281
       1.069        0.000      250.645     2696.129
       1.074      206.700      252.898     2696.129
       1.079        0.000      254.977     2696.129
       1.084        0.000      256.207     2696.129
       1.089      210.700      256.207     2696.129
       1.093        0.000      256.207     2696.129
       1.098      205.400      268.145     2697.199
       1.103        0.000      273.832     4247.625
       1.108      204.600      282.238     4247.625
       1.113        0.000      283.434     4247.625
       1.118      209.600      283.434     4247.625
       1.122        0.000      283.434     4247.625
       1.127      207.700      283.434     4247.625
       1.132        0.000      283.434     4247.625
       1.137      209.900      286.152     4247.625
       1.142        0.000      292.398     4247.625
